41 75
21 82
14 89
31 89
41 96
31 103
21 109
14 116
41 116
31 123
21 130
31 137
14 144
41 144
31 150
21 157
41 164
14 171
31 171
41 178
51 184
21 191
14 198
41 198
31 205
21 212
31 219
14 225
41 225
51 232
25 239
26 240
41 246
14 253
31 253
21 259
55 266
56 268
31 273
41 280
55 287
25 293
56 308
41 314
41 321
26 322
31 327
21 334
41 334
55 341
15 348
56 363
41 368
31 375
16 376
21 382
11 389
31 389
41 396
25 402
41 402
55 409
26 431
57 437
42 440
33 443
43 446
15 450
53 450
45 477
16 479
25 491
46 492
33 498
43 501
53 504
26 513
51 518
11 525
51 525
51 532
11 539
41 539
31 545
11 552
41 552
51 559
13 566
42 573
33 576
43 579
21 580
51 586
22 593
51 593
41 600
11 607
31 607
45 614
13 620
21 634
21 648
46 649
35 655
36 656
21 661
41 661
15 668
55 668
18 716
57 716
24 730
44 730
14 743
54 743
21 757
41 757
31 764
41 770
21 771
13 777
33 777
41 784
24 791
54 791
41 798
32 804
55 805
22 818
13 821
23 825
56 826
31 832
24 839
44 839
14 852
54 852
21 866
41 866
31 873
21 879
41 879
32 886
52 886
21 893
14 900
44 900
21 907
13 914
33 914
21 927
43 927
52 930
21 934
42 934
15 941
31 941
44 948
44 961
16 962
21 968
21 975
52 975
31 982
41 985
21 989
15 995
33 995
41 1009
44 1016
16 1017
21 1023
11 1030
33 1030
21 1037
41 1040
31 1043
21 1050
51 1050
44 1057
15 1064
44 1071
52 1084
16 1086
21 1091
41 1095
21 1098
13 1105
33 1105
55 1112
56 1113
21 1119
41 1119
24 1125
44 1125
34 1139
21 1146
41 1149
11 1153
55 1159
24 1166
24 1180
56 1181
41 1187
13 1193
41 1193
31 1200
21 1204
41 1207
32 1214
55 1214
21 1228
24 1234
56 1236
41 1241
32 1248
51 1248
41 1255
21 1258
31 1262
11 1268
41 1268
21 1275
55 1275
21 1289
56 1290
41 1296
13 1302
41 1309
21 1313
32 1323
52 1323
21 1337
41 1337
24 1343
44 1343
55 1350
31 1357
31 1364
56 1365
25 1371
41 1371
26 1372
51 1378
14 1384
44 1384
21 1391
51 1397
31 1398
24 1405
44 1405
31 1412
21 1418
41 1418
11 1425
51 1425
24 1432
44 1432
15 1446
41 1446
51 1452
18 1460
22 1462
12 1466
51 1466
21 1473
41 1473
31 1480
51 1480
41 1487
24 1493
54 1493
41 1500
11 1507
31 1507
24 1514
44 1514
45 1521
21 1527
11 1534
48 1534
24 1541
54 1541
21 1555
41 1555
35 1561
11 1562
11 1575
36 1576
21 1582
41 1582
11 1589
31 1596
24 1602
44 1602
31 1609
21 1616
11 1623
41 1623
24 1630
54 1630
31 1636
21 1643
11 1650
41 1650
43 1657
21 1664
31 1671
25 1677
41 1677
52 1684
26 1699
11 1705
41 1705
24 1711
54 1711
11 1718
51 1722
21 1725
31 1732
51 1732
24 1739
44 1739
31 1745
21 1752
51 1752
13 1759
41 1766
21 1773
41 1773
25 1780
41 1780
41 1786
41 1793
41 1800
41 1807
41 1814
26 1815
34 1820
55 1821
24 1834
56 1835
11 1848
45 1848
21 1855
11 1861
46 1863
24 1868
51 1875
34 1882
21 1889
41 1889
22 1895
31 1902
11 1909
21 1916
41 1916
21 1923
51 1923
34 1929
41 1936
24 1943
45 1943
11 1957
21 1964
11 1970
24 1977
49 1978
11 2039
54 2039
41 2048
21 2052
11 2059
31 2059
44 2066
55 2066
21 2069
56 2068
31 2076
11 2079
21 2086
34 2093
11 2100
41 2103
21 2107
51 2113
14 2120
54 2120
21 2134
31 2141
11 2148
44 2148
51 2158
21 2161
11 2168
41 2168
34 2175
21 2178
41 2185
11 2188
31 2195
24 2202
44 2202
55 2212
31 2216
56 2231
21 2233
41 2236
11 2243
31 2243
21 2250
13 2257
33 2257
41 2267
21 2270
32 2278
52 2278
45 2284
21 2288
21 2298
46 2299
32 2312
52 2312
41 2322
21 2325
13 2332
33 2332
45 2339
21 2342
21 2353
46 2354
13 2359
23 2362
33 2366
55 2366
21 2380
56 2381
13 2387
42 2387
31 2393
21 2397
31 2400
21 2407
41 2407
14 2414
54 2414
21 2428
41 2428
21 2434
41 2434
31 2441
24 2448
44 2448
51 2458
11 2462
41 2465
21 2468
31 2472
14 2475
21 2486
41 2489
31 2496
51 2496
24 2502
41 2506
31 2513
51 2516
41 2523
34 2530
21 2540
41 2543
11 2550
31 2550
25 2557
41 2560
51 2571
26 2572
32 2577
22 2581
12 2584
45 2584
21 2598
46 2599
34 2605
54 2605
41 2612
11 2618
31 2618
21 2625
15 2632
44 2632
51 2646
16 2647
55 2652
21 2659
31 2666
56 2667
41 2669
31 2673
21 2680
51 2680
11 2686
43 2693
43 2704
21 2707
11 2714
44 2714
31 2727
11 2728
21 2734
41 2734
31 2741
22 2748
41 2748
22 2758
51 2758
24 2768
41 2768
55 2775
31 2782
21 2789
56 2790
41 2796
54 2802
11 2806
41 2809
21 2813
44 2816
21 2819
51 2823
11 2826
54 2830
11 2833
41 2837
21 2840
31 2843
14 2850
54 2850
21 2877
41 2881
21 2884
31 2891
41 2898
11 2905
51 2905
25 2911
45 2911
48 2918
26 2919
11 2925
24 2939
54 2939
41 2946
11 2952
31 2952
43 2959
21 2966
54 2973
11 2980
15 2986
42 2986
33 3000
43 3003
53 3007
41 3014
16 3015
24 3020
54 3020
14 3034
44 3034
24 3048
54 3048
41 3055
11 3061
31 3061
41 3068
21 3082
41 3082
11 3089
51 3089
21 3095
41 3095
3103
103.43333333333334